# Bundle file v0.3
42 17695
3209.71118164 0 0
0.756613619691 0.0421829798759 -0.652500135408
0.115328699187 -0.990880977468 0.0696719429583
-0.643611001803 -0.127966732789 -0.754578951242
-0.0236172492509 0.0697367687513 -0.393195069511
3209.39770508 0 0
0.76416897468 -0.0416943588362 -0.643667117832
-0.0454729493392 -0.998908055025 0.0107195375174
-0.643411213001 0.0210779042468 -0.765230509675
0.0707503719606 1.07814580206 -0.56389948375
3209.30761719 0 0
0.773971770747 0.0434863969698 -0.631725123266
0.226145288184 -0.950830065487 0.211614024106
-0.591460908868 -0.306644941006 -0.74574987324
-0.0107538522372 0.540694981201 -0.239336547964
3212.10620117 0 0
0.798033411549 0.0414803887668 -0.601183874866
0.160751746709 -0.976131206385 0.146036789377
-0.580776678234 -0.213183595217 -0.785653361699
0.0397033562204 -0.378559585904 -0.589595751873
3217.69091797 0 0
0.641146153385 0.0490244968702 -0.765851296732
0.189779147285 -0.977089714383 0.0963305003783
-0.743582870469 -0.207104535812 -0.635761139101
-0.219699406959 0.166090727784 -0.336485253073
3203.09667969 0 0
0.935162819079 0.0299779270548 -0.352947341258
0.0964637607416 -0.980305407959 0.172325418874
-0.340830228524 -0.195198952395 -0.919636952448
0.364394098162 0.177554105153 -0.365876713695
3211.00708008 0 0
0.803344313626 0.115342874065 -0.584237909731
0.181868443477 -0.981712091918 0.0562604465774
-0.567064178936 -0.151450949103 -0.809630055633
0.141603649018 -0.734295962845 -0.720067028794
3204.06274414 0 0
0.933123149366 0.0541359329967 -0.355458139414
0.114008018925 -0.982135363071 0.149707382005
-0.341003460008 -0.180220502065 -0.922625173566
-4.33371884797 -0.64500056742 -1.45855215791
3203.05810547 0 0
0.946648232142 0.0930866452235 -0.308532009788
0.120218131465 -0.990270549238 0.0700845216843
-0.299006229785 -0.103436530267 -0.948628567331
-4.22922839256 -1.14479523207 -1.72508781265
3201.60644531 0 0
0.954904170574 0.0146232218057 -0.296553850767
0.0357494153755 -0.997182873333 0.0659416138064
-0.29475414216 -0.0735695488304 -0.952736856201
-4.27745247201 -0.0763121274318 -1.48704265739
3195.33642578 0 0
0.999688815972 -0.0232022652333 -0.00916111935802
-0.0215831047408 -0.988644435373 0.148715668291
-0.0125076300551 -0.148471664952 -0.988837561937
-3.42048476274 0.489772320331 -2.56677173552
3201.38305664 0 0
0.948292026418 0.0161466271378 -0.316988200197
0.0756851928366 -0.981399592511 0.176427297788
-0.308243384709 -0.191295912794 -0.931875468897
-4.31817723554 0.403034660507 -1.3202665389
3202.56396484 0 0
0.942751702539 0.0508787126327 -0.329591541094
0.0770842930525 -0.994775775445 0.0669265892816
-0.324464542168 -0.0885014869317 -0.94174850554
-4.3552179663 0.547098060095 -1.26832254594
3213.05493164 0 0
0.777107928401 0.0170383319401 -0.629136680588
0.0941062126917 -0.991541240658 0.0893867373164
-0.622291963912 -0.128668812538 -0.772137972341
-4.76264541926 -0.108816330822 0.207885233202
3201.45385742 0 0
0.954734373618 -0.0370760208721 -0.295140042196
-0.0127938210749 -0.996401834403 0.0837836651212
-0.297184444367 -0.0762151761471 -0.951773425218
-4.23789989202 1.38034884704 -1.40967446927
3191.66625977 0 0
0.998179791599 -0.00935783631573 0.0595779702879
-0.00278125140525 -0.993980082213 -0.109525617117
0.0602442386022 0.109160556355 -0.992196857812
-8.79367660148 -0.622073290471 -3.42974509265
3193.1875 0 0
0.999989713372 0.00444187542415 0.000918091467256
0.00435371124116 -0.996754915244 0.0803783810239
0.00127214293793 -0.0803735570963 -0.99676400064
-8.99926107677 -0.475848915996 -3.05118698847
3194.13989258 0 0
0.996017319458 0.0889073343904 0.00670710311154
0.0888857760881 -0.996035860531 0.00344722295002
0.00698699862291 -0.00283732769688 -0.999971565307
-8.94000977977 -1.71013785434 -3.30016874262
3193.68725586 0 0
0.998564607148 0.00472211486486 0.0533519163842
0.00135667437066 -0.998016330136 0.0629409581798
0.0535432982297 -0.0627782320008 -0.996590191002
-8.85013076058 0.195958483661 -3.42865406289
3193.47314453 0 0
0.999491626307 0.0318824237327 -1.25629610689e-07
0.0317089075664 -0.994051605613 0.104191892962
0.00332176519863 -0.104138928529 -0.994557212754
-9.07936033845 0.644832404254 -2.88600607792
3197.4206543 0 0
0.999771619391 -0.0210965931668 -0.00341215730044
-0.0203543888082 -0.988661410551 0.148776053662
-0.00651213612676 -0.14867262372 -0.988865027716
-9.0619428809 1.5990178125 -2.74403924388
3190.17358398 0 0
0.971950171154 0.0449413975322 0.230853060584
-0.00227027427503 -0.979734323847 0.200288543185
0.235175914259 -0.195194583594 -0.95215091445
-12.0489236338 -0.0840420186787 -5.22972974789
3194.29272461 0 0
0.979968147049 0.0625720295144 0.189069225132
0.000286317042744 -0.949802218135 0.312850866146
0.199154083042 -0.306529749858 -0.930793835207
-12.211919968 -0.0978158518482 -4.91240928541
3191.95629883 0 0
0.958472569382 -0.0139718513075 0.284842274099
-0.0736008964656 -0.977081922197 0.199734387011
0.275523577544 -0.212404577837 -0.937534561246
-11.7198388569 1.79721533721 -5.4497589508
3185.83398438 0 0
0.953838410001 0.0175706063747 0.299805872855
-0.0268706104709 -0.98929005349 0.14346832528
0.299115793464 -0.144901566097 -0.943150718731
-11.64523028 0.55369871159 -5.86324794635
3188.30102539 0 0
0.937185638577 -0.0225044681885 0.348104334584
-0.0617880875528 -0.9928468833 0.102163097828
0.34331517747 -0.117254489179 -0.931872348386
-11.2712438282 1.95557646647 -6.27955039945
3187.04711914 0 0
0.978675022619 -0.0252472918957 0.203857240132
0.00248046571102 -0.990893077327 -0.134628216191
0.205399725882 0.13226293342 -0.969699679824
-12.0565705912 2.30377589591 -4.91293703363
3192.23364258 0 0
0.999163863836 -0.0176806294769 0.0368641905712
-0.0135384155024 -0.993869139657 -0.109730782109
0.0385782906679 0.109139949505 -0.993277497435
-8.74969538747 2.52605731551 -3.42526246724
3189.25 0 0
0.400693828504 0.0681113025414 -0.913676806242
0.192695853837 -0.981192743422 0.0113625775998
-0.895719132157 -0.18061464703 -0.406282642461
8.01878455078 0.677411943747 -0.712152588472
3190.71044922 0 0
0.443215929385 0.0754602654558 -0.893233109707
0.31670921657 -0.945368938214 0.0772841691438
-0.838602952582 -0.317148733243 -0.442901534117
8.05209262495 1.09115404833 -0.0876897682007
3189.67724609 0 0
0.416379368815 0.0282652303541 -0.908751505076
0.0903710026107 -0.995853525311 0.0104325458405
-0.904688511651 -0.0864686814899 -0.417207219507
8.07219856461 1.23751173759 -0.590645293015
3191.90405273 0 0
0.422667991559 0.137168765079 -0.895844014769
0.239371411122 -0.970274192717 -0.0356274961951
-0.874101307886 -0.199380843699 -0.442938125156
8.12663427286 0.397796088472 -0.640250400141
3184.91845703 0 0
0.676771182783 0.0730897912736 -0.732556242596
0.17396374116 -0.982756308298 0.0626630294725
-0.715344240849 -0.169846757145 -0.677816122685
8.00868331262 0.268714832434 1.8915391756
3203.11425781 0 0
0.133226742063 0.0786966664144 -0.98795620849
0.238315160842 -0.970138254297 -0.045140355137
-0.962006506897 -0.229431040281 -0.148002967685
7.3302006172 1.28826819502 -2.80808048238
3205.54931641 0 0
0.845514758418 -0.00895870780961 0.533876891101
-0.0863213107799 -0.989000201224 0.120113418417
0.526928291708 -0.147642620991 -0.836987593614
-18.2548602914 1.70026862435 -10.2817603886
3195.57788086 0 0
0.715945117407 0.00436070314479 0.698142946057
-0.121313373951 -0.983991359704 0.130552936885
0.68753592936 -0.178162814012 -0.703954797939
-15.551044299 2.38846443315 -13.7537140557
3197.62353516 0 0
0.743348046995 0.0555015344403 0.666598275353
0.00118098679271 -0.996659077359 0.0816657136603
0.668903794502 -0.0599188049966 -0.740930125254
-16.0141726457 -1.05349036805 -13.6269803691
3198.05834961 0 0
0.71036970958 -0.0135304650709 0.703698658679
-0.0686429226042 -0.996380735588 0.0501356053755
0.700473429109 -0.0839187479946 -0.708727464437
-15.4403699019 1.00378358896 -14.1205754615
3200.68774414 0 0
0.695207260127 0.0187116164043 0.718565752648
-0.144553366846 -0.975599163281 0.165259180495
0.704124413439 -0.218760480928 -0.675538794136
-15.1026208483 2.19947882604 -14.4455356711
3196.78881836 0 0
0.73332555877 -0.00209049645456 0.679874440378
-0.113011631974 -0.986458252064 0.118863316352
0.670419268737 -0.163999227925 -0.723631299314
-15.8946354997 2.94444352223 -13.2740874796
3190.56542969 0 0
0.411271909526 0.00205318961167 0.911510395359
-0.136317544296 -0.988612977154 0.0637331037964
0.90126186181 -0.150466493994 -0.40630886113
-9.12467921084 2.80389590365 -18.4716889738
3132.13891602 0 0
0.366771848609 -0.00980684097219 0.930259231042
-0.237431959991 -0.967816603195 0.0834091538981
0.89950234877 -0.251465402092 -0.357296342142
-15.8120530936 4.87177591497 -18.0495279348
-8.64866363389 0.77447542064 24.1295971759
239 238 244
3 15 2227 -1838.57458496 -461.145751953 27 4157 -1911.66394043 -89.5150146484 18 2306 -1849.32495117 106.417480469
11.1197841301 1.90497334149 9.21168052757
134 131 92
2 21 5618 263.739257812 -35.4619140625 25 5024 654.286621094 90.0496826172
3.22793453255 2.50232434153 12.9385753801
115 106 100
6 4 6049 -2233.8112793 -120.515258789 10 6077 -75.6032714844 -25.3562011719 11 7106 -1147.38867188 103.264282227 7 3390 -1241.21655273 -169.928833008 3 5632 -1235.26196289 -101.835693359 8 3499 -1037.71228027 -488.795166016
2.41719918447 0.357661677848 14.7445260138
225 244 69
2 5 584 -554.911254883 560.798950195 8 608 -1257.02661133 -32.3605957031
4.22565488785 2.75959774792 1.40208680275
69 66 71
2 0 3752 1691.18334961 -1480.61865234 3 4711 1826.03808594 -1489.20922852
7.86638860166 0.823558969739 9.6020329663
111 113 119
7 0 113 -76.1784667969 205.899169922 1 78 -33.7836914062 0.0472412109375 2 108 12.4045410156 929.319641113 3 135 145.489013672 371.27722168 4 92 -644.456054688 458.361694336 5 74 1160.84179688 479.962646484 6 115 232.967773438 104.226806641
7.86638860166 0.823558969739 9.6020329663
111 113 119
7 0 112 -76.1784667969 205.899169922 1 79 -33.7836914062 0.0472412109375 2 107 12.4045410156 929.319641113 3 134 145.489013672 371.27722168 4 91 -644.456054688 458.361694336 5 73 1160.84179688 479.962646484 6 114 232.967773438 104.226806641
7.1845740721 2.69436535399 3.43583512962
128 128 130
7 8 487 762.176269531 -1171.37207031 9 369 726.044921875 -1033.23876953 7 425 549.879394531 -829.871337891 10 407 1816.29736328 -901.421386719 11 567 639.09765625 -481.396972656 12 496 644.866210938 -611.092041016 13 424 -573.540649414 -794.279541016
10.2826695411 1.48917850609 9.10190307443
69 68 81
28 0 4125 429.625244141 93.4353027344 1 2888 456.335449219 -176.809814453 2 4080 535.517333984 798.974609375 3 4369 649.296875 263.390625 4 4062 -121.072265625 353.362548828 5 3262 1743.29248047 327.96887207 6 4308 738.875732422 42.3869628906 7 2827 495.006103516 100.78112793 8 2763 669.278320312 -175.58190918 9 2464 689.569824219 -142.645385742 10 1908 1808.84814453 39.9682617188 11 2649 622.03515625 320.365722656 12 2328 581.934326172 112.734741211 13 2381 -593.264404297 47.5006103516 14 2303 686.692871094 127.013549805 15 1533 546.099365234 -854.866210938 16 2027 339.118896484 -308.667724609 17 1969 386.891845703 -581.821044922 18 1731 505.877197266 -186.267822266 19 1668 330.083007812 116.347412109 20 1939 307.928955078 338.096679688 21 2194 30.4934082031 69.5203857422 22 2392 -87.3308105469 362.556884766 23 1900 197.074462891 390.156616211 24 2136 252.170898438 28.4144287109 25 1524 419.273681641 214.777587891 26 2314 -48.9406738281 -104.456176758 27 2926 491.409179688 -25.0131835938
9.13918091892 1.17287122344 9.20728983374
255 255 255
5 0 161 223.921630859 143.976196289 1 124 259.194335938 -97.9201660156 3 165 442.206787109 309.897583008 4 128 -328.766235352 400.159667969 6 147 529.903320312 69.6239013672
1.32974666666 2.71627140874 5.009185558
115 114 116
5 0 1919 -1299.76818848 -1267.63305664 1 2857 -1391.31958008 -1016.8371582 2 3393 -1166.45129395 -391.128417969 3 2420 -985.041870117 -1141.43774414 4 1973 -1955.10083008 -1117.09960938
5.6475662017 2.13604164192 9.58673297885
79 77 78
7 0 200 -534.453979492 -203.780395508 1 139 -520.263061523 -337.791748047 2 195 -449.803833008 512.192504883 3 236 -308.214355469 -41.5860595703 4 169 -1117.01574707 21.6590576172 5 177 647.592285156 77.1936035156 6 199 -182.337890625 -337.790527344
13.1161425349 1.95052213437 21.6355087313
136 133 128
2 34 897 643.754638672 179.099609375 41 418 1968.49316406 364.053344727
7.17440392884 0.86791325697 9.60867749729
128 143 166
7 0 169 -214.761962891 182.599975586 1 141 -175.678466797 -2.50402832031 2 172 -134.268310547 908.740478516 3 182 7.88793945312 343.342163086 4 131 -791.388427734 431.646728516 5 141 1008.02270508 452.954223633 6 167 102.250244141 66.5076904297
2.29874549561 2.7603456441 3.22109166493
106 106 107
5 0 2005 -185.524902344 -1501.96069336 1 2842 -261.35925293 -1262.81640625 2 4574 -98.4499511719 -585.484375 3 2542 34.2014160156 -1423.19018555 5 2153 1007.21777344 -1207.69555664
7.43881130221 1.14158931393 9.25890401093
255 255 255
6 0 203 -101.327392578 113.17565918 1 163 -64.3610839844 -78.458984375 2 210 -12.7529296875 837.318847656 3 225 116.612060547 273.140258789 5 157 1126.36572266 378.116455078 6 201 212.074462891 4.66516113281
2.86962912749 2.76542416248 2.33829008827
99 100 102
4 0 3836 544.919921875 -1605.02197266 3 5118 714.214355469 -1562.76538086 4 5703 -25.8576660156 -1257.5234375 5 3004 1835.00390625 -1475.36010742
3.77922752357 2.7601156762 1.82702894747
109 109 111
5 0 2911 1243.26123047 -1484.10351562 1 4528 1237.35424805 -1359.14990234 2 4890 1288.58764648 -577.34765625 3 3051 1388.20214844 -1472.01391602 4 3678 620.211669922 -1081.65478516
7.73812752241 1.09482738682 9.27728258538
31 32 37
7 0 263 -46.1318359375 132.680297852 1 187 -5.82788085938 -67.0314941406 2 295 44.4096679688 853.927124023 3 292 173.821777344 294.259643555 4 239 -609.738769531 384.974121094 5 255 1189.01708984 394.270263672 6 290 266.724121094 31.0025634766
5.38252732881 2.6513809284 6.07780812685
81 77 76
7 0 3663 71.8403320312 -553.729003906 1 5223 61.1877441406 -651.447998047 2 5951 158.024902344 191.270019531 3 3527 280.544921875 -430.540283203 4 4274 -475.426879883 -299.924072266 5 3421 1284.33032227 -329.751708984 6 3500 430.570068359 -712.489013672
6.40213644486 1.85290295756 9.15784831829
251 234 128
27 0 257 -296.508666992 -107.325805664 1 195 -277.53527832 -265.23828125 2 285 -212.939453125 609.253540039 3 310 -76.5922851562 50.1917724609 4 214 -866.087402344 129.889404297 5 248 898.290771484 157.973754883 6 304 38.3471679688 -232.039306641 7 250 -390.932861328 -94.4530029297 8 242 -210.58203125 -402.097900391 9 217 -222.783691406 -286.543579102 10 221 760.579345703 -31.6176757812 11 220 -293.992797852 179.755615234 12 178 -328.228637695 -50.076171875 13 156 -1604.06591797 -153.710693359 14 163 -235.509521484 57.6865234375 15 193 -501.227050781 -933.610351562 16 219 -669.674804688 -404.540039062 17 241 -602.040649414 -761.272216797 18 197 -507.25793457 -276.752685547 19 179 -687.978759766 -10.8624267578 20 161 -720.159423828 263.978393555 21 266 -906.101928711 -19.6967773438 22 293 -1027.47412109 252.98059082 23 207 -756.128417969 339.200439453 24 250 -684.254272461 -35.2332763672 25 210 -526.954223633 163.156738281 27 224 -540.973144531 -107.473510742
0.642080547577 2.68707987924 5.66867617455
119 120 122
3 3 4087 -1475.10351562 -1112.77929688 5 6141 -482.5234375 -718.665527344 6 3124 -1241.60388184 -1553.66870117
8.37772545532 2.69651697874 2.71508647432
109 114 111
6 0 2189 1830.50146484 -567.547607422 1 5207 1863.41064453 -794.430175781 2 3011 1948.38037109 178.367797852 3 1950 2051.31933594 -500.608398438 4 3805 1168.19995117 -224.87512207 6 1673 2232.4140625 -680.105957031
6.09623945134 2.66010954521 5.57511770289
59 59 63
7 0 143 383.910888672 -534.226806641 1 210 377.450195312 -662.830322266 2 199 475.507568359 206.470581055 3 143 589.380859375 -418.1171875 4 130 -162.855712891 -264.880493164 6 106 735.317871094 -678.057861328 5 117 1660.046875 -350.923095703
1.79220751639 2.798217657 2.58118154268
108 111 114
2 4 4676 -755.201782227 -1641.8515625 5 4561 998.729980469 -1603.6105957
2.81672294751 2.74196520653 3.79463436616
113 108 112
3 3 5105 66.8994140625 -1136.99560547 5 6448 1042.85742188 -949.623291016 4 5818 -705.721313477 -959.863769531
3.12093420031 2.57030964994 11.0732006404
115 113 108
4 0 1532 -1385.57897949 -389.502685547 1 2772 -1396.7019043 -443.045166016 2 1902 -1291.67163086 331.628173828 3 1421 -1111.35180664 -213.169433594
2.21932219338 2.73930856125 3.81696597604
102 101 103
6 0 4335 -457.704101562 -1349.12915039 1 5203 -532.059814453 -1137.21069336 4 4560 -1026.03344727 -1113.66333008 3 4669 -218.795898438 -1260.23266602 5 6532 728.791259766 -1015.99609375 6 4553 5.55297851562 -1644.37280273
3.53517190555 2.56710878872 10.7430419636
123 122 118
6 0 1378 -1228.78210449 -380.093505859 1 2771 -1240.26586914 -447.722900391 2 2422 -1140.74084473 338.033813477 3 1539 -965.309326172 -206.994140625 5 1747 -12.31640625 -38.7421875 6 1393 -815.903442383 -546.555419922
7.02657674083 2.28804218873 9.27800006206
251 226 106
27 0 337 -174.844482422 -194.600463867 1 271 -165.787109375 -376.700683594 2 383 -88.9489746094 513.126953125 3 411 42.083984375 -31.6644287109 4 277 -730.409667969 43.5662841797 5 314 1017.37011719 59.1680908203 6 391 160.140625 -300.323852539 7 297 -237.796630859 -176.407958984 8 289 -56.8940429688 -477.450683594 9 259 -72.9904785156 -381.868164062 10 257 910.552246094 -143.655151367 11 271 -142.043701172 82.1867675781 12 235 -172.311523438 -146.150756836 13 189 -1412.83300781 -246.412963867 14 212 -90.1120605469 -55.1555175781 15 225 -333.392211914 -1049.16357422 16 244 -501.223022461 -506.639404297 17 276 -427.503051758 -849.056884766 18 221 -340.980102539 -383.564208984 19 198 -513.528930664 -114.271606445 20 182 -549.767089844 149.475708008 21 289 -738.964355469 -120.634399414 22 319 -851.953857422 155.770263672 24 283 -525.994384766 -142.028808594 25 241 -376.358398438 49.2862548828 26 332 -876.666015625 -312.037109375 27 267 -375.776245117 -226.796875
6.25406553606 1.12469342771 9.44545288649
81 96 122
4 0 271 -386.333740234 91.8248291016 1 274 -345.655151367 -62.5550537109 3 307 -163.820800781 247.235351562 6 275 -59.8818359375 -46.5595703125
6.25178846923 1.12300593162 9.44166618511
81 96 122
6 0 272 -386.333740234 91.8248291016 1 275 -345.655151367 -62.5550537109 3 308 -163.820800781 247.235351562 5 277 818.746826172 368.024780273 4 251 -972.273071289 334.915893555 6 274 -59.8818359375 -46.5595703125
5.90649100259 1.60804667768 9.67902485539
6 7 9
7 0 342 -494.528442383 -46.5091552734 1 281 -469.255737305 -189.470214844 2 389 -416.125732422 672.321533203 3 421 -267.859619141 111.719848633 4 281 -1081.55224609 186.406860352 5 340 696.982910156 231.379882812 6 403 -154.490722656 -183.553344727
1.54316727704 2.76358125096 3.68154044968
110 110 112
3 0 2648 -812.215209961 -1590.37036133 1 2760 -919.623779297 -1276.23144531 2 4691 -692.657714844 -649.455566406
3.19012764237 2.77239587366 2.47233759369
95 95 98
2 0 3726 615.516601562 -1472.49072266 3 4744 785.254882812 -1429.27026367
6.09678746075 2.23503055738 9.50044994721
11 11 12
2 0 3892 -413.022338867 -212.665039062 1 5145 -405.584106445 -364.545166016
8.06817766321 0.603890954524 9.90335294608
177 179 184
7 0 395 -87.5922851562 266.528686523 1 331 -41.0268554688 50.9162597656 2 437 1.27270507812 992.423217773 3 422 135.773193359 432.828735352 4 337 -658.147460938 520.969970703 5 325 1152.2109375 537.323486328 6 422 217.729003906 166.835571289
7.3566123957 1.90968341045 9.19847405532
121 118 115
2 0 461 -99.484375 -86.8654785156 1 334 -79.6794433594 -278.154541016
10.1786877525 2.66749298816 3.35593925812
105 107 111
3 0 2385 1835.3203125 -382.560058594 1 5111 1865.95068359 -673.600097656 2 3426 1968.24951172 342.196044922
2.89261498956 2.77047297144 2.66598176852
99 99 99
6 0 478 376.772705078 -1500.20092773 1 362 329.204345703 -1307.15820312 4 403 -184.702392578 -1176.56542969 2 663 446.577148438 -587.136230469 3 522 558.207275391 -1446.45996094 5 410 1633.3449707 -1328.06298828
6.69220181769 2.26244594653 9.35745373899
41 33 32
6 0 463 -258.880981445 -199.849975586 1 367 -246.007324219 -371.387939453 2 554 -171.660888672 508.543334961 3 516 -41.5908203125 -37.3776855469 4 374 -820.74987793 35.7109375 6 496 78.0959472656 -313.416992188
6.69364427298 2.26132969503 9.36023336999
41 33 32
7 0 464 -258.880981445 -199.849975586 1 368 -246.007324219 -371.387939453 2 555 -171.660888672 508.543334961 3 517 -41.5908203125 -37.3776855469 4 375 -820.74987793 35.7109375 5 424 927.520996094 62.7235107422 6 497 78.0959472656 -313.416992188
5.72895009135 2.70342444737 3.36334011597
107 105 106
5 0 302 1029.34912109 -790.624023438 1 377 1028.60131836 -876.565673828 2 456 1113.515625 -11.2272949219 3 311 1218.09838867 -723.120849609 6 283 1402.17138672 -976.944091797
7.93709459555 1.48009230411 9.15901447191
240 244 249
20 0 6129 17.4011230469 38.5407714844 1 5103 45.6838378906 -169.304321289 2 7801 108.186279297 753.966064453 5 4762 1250.39819336 291.64465332 7 4460 -25.8244628906 44.0076904297 8 4127 147.287597656 -250.861328125 9 3801 153.471435547 -168.959350586 10 3295 1177.29833984 57.7797851562 12 4066 47.0051269531 77.0588378906 13 2871 -1163.55554199 -3.35510253906 14 4031 148.425537109 144.599731445 15 2798 -91.0534667969 -837.624755859 17 3205 -216.977539062 -629.891357422 19 3169 -289.207397461 100.002807617 20 3482 -314.736938477 355.456787109 21 4023 -555.777832031 72.904296875 23 4130 -399.5703125 417.815063477 24 3764 -336.400634766 50.8817138672 25 3830 -175.72265625 240.495117188 26 5152 -655.424194336 -99.4453125
7.88401686115 1.19890147112 9.25228101262
255 254 255
7 0 546 -10.0002441406 109.321655273 1 382 25.5134277344 -96.8190917969 2 621 79.4819335938 830.094360352 3 695 206.967041016 270.380615234 4 529 -573.732666016 361.772949219 5 527 1224.26245117 369.286621094 6 775 298.906494141 10.4914550781
1.8885978981 2.78491183015 3.24328350642
109 108 111
2 4 4579 -999.131958008 -1387.20361328 5 4504 755.765625 -1281.0324707
9.28866789321 1.22562336348 9.1358327379
124 120 133
10 0 6172 262.171142578 134.840209961 1 5101 294.363769531 -111.239379883 7 5516 277.739746094 138.845458984 9 4697 467.064941406 -90.5238037109 15 2691 273.352294922 -775.390380859 17 3588 124.20703125 -534.759033203 18 3026 241.930908203 -116.046508789 19 2673 64.8168945312 178.009521484 20 3711 45.1904296875 414.840209961 27 6106 225.038574219 47.4172363281
1.60358247385 2.69163310125 5.73201330043
90 90 89
6 0 2321 -1284.52209473 -1061.09082031 1 2753 -1358.76025391 -880.0703125 2 3899 -1162.41650391 -226.889648438 3 3238 -982.570068359 -931.365234375 4 2252 -1945.9395752 -907.707763672 6 2908 -773.537597656 -1329.25195312
9.29086794885 1.22408048491 9.13964761768
124 120 133
13 0 6173 262.171142578 134.840209961 1 5100 294.363769531 -111.239379883 16 3185 79.3305664062 -240.135131836 15 2692 273.352294922 -775.390380859 17 3589 124.20703125 -534.759033203 19 2672 64.8168945312 178.009521484 20 3710 45.1904296875 414.840209961 21 4858 -226.995605469 140.756469727 22 4762 -348.008911133 429.042602539 23 4586 -61.8842773438 475.31628418 24 4084 -5.197265625 107.469604492 25 4980 160.219238281 298.878051758 27 6105 225.038574219 47.4172363281
10.2014488549 1.51747745813 9.09687743335
214 213 220
12 0 3543 417.857910156 85.5046386719 1 2731 444.413574219 -184.11730957 2 3675 523.270507812 790.254150391 3 4164 637.666015625 254.395751953 4 3793 -131.833984375 344.229980469 5 2442 1728.90942383 319.130493164 6 3690 728.276123047 32.7618408203 8 2212 652.75390625 -184.990356445 9 2061 673.120361328 -151.181030273 11 2427 604.425048828 312.373657227 12 2006 565.087890625 104.317382812 13 2003 -610.559448242 38.8093261719
5.77980144077 1.99884371251 9.46465102428
62 65 70
7 0 593 -485.806762695 -163.686035156 1 444 -471.836181641 -301.522583008 2 670 -405.01940918 553.032470703 3 768 -259.933959961 -4.95471191406 4 503 -1065.88635254 63.9537353516 5 616 697.115234375 113.991210938 6 754 -138.258544922 -298.408081055
7.16827808175 0.931315786887 9.27121181979
34 35 44
7 0 620 -160.876464844 163.502807617 1 450 -120.921875 -20.0611572266 2 650 -76.5964355469 891.275024414 3 754 59.3835449219 320.326049805 4 600 -733.253173828 414.78503418 5 533 1062.45874023 429.674072266 6 712 153.620849609 46.0045166016
4.19515397127 2.55174911252 11.1357474587
232 204 125
7 0 2354 -1088.89526367 -324.969726562 1 4573 -1096.30126953 -422.197021484 2 3540 -1002.77478027 386.329467773 3 2276 -834.843139648 -148.351074219 4 2183 -1728.89953613 -134.31628418 5 2829 110.332275391 0.0826416015625 6 1943 -693.6015625 -475.704345703
6.38618380377 1.96559289117 9.59538824335
61 58 50
2 26 10 -983.365722656 -231.16809082 27 3 -523.767333984 -145.599487305
4.89220035354 2.61508620636 8.4080517472
121 118 119
7 0 310 -533.194091797 -431.244873047 1 474 -546.767578125 -529.334472656 2 471 -447.154052734 295.484863281 3 318 -303.405273438 -277.731689453 4 267 -1108.14306641 -213.022216797 5 354 640.110839844 -145.84777832 6 263 -162.255126953 -581.228759766
5.94823850011 1.92636063972 9.51814651397
5 6 10
7 0 557 -454.495605469 -136.499145508 1 475 -439.162231445 -278.568237305 2 610 -374.377197266 580.070922852 3 762 -230.874755859 25.0377197266 4 467 -1034.17651367 94.017578125 5 538 730.201171875 138.784179688 6 683 -112.260009766 -267.257324219
4.29379299367 2.71875942066 4.10655391635
114 115 117
2 4 3081 -229.657470703 -614.604492188 6 3168 701.951171875 -1115.30297852
6.21138851195 2.22541401377 9.49983137793
3 3 3
7 0 906 -386.604003906 -206.040527344 1 481 -377.936035156 -360.522460938 2 874 -304.274169922 505.216796875 3 1339 -166.849121094 -42.9200439453 4 774 -957.001464844 23.9284667969 5 858 793.076171875 63.7336425781 6 814 -40.9899902344 -328.215087891
21.5094891266 2.03808483634 19.9991033888
94 95 99
3 8 4634 1190.27099609 96.2294921875 15 2837 2037.31054688 -718.654541016 18 4460 1960.59228516 -79.6885986328
7.35173369789 2.02692344911 9.22205923478
106 102 98
13 0 4929 -102.427001953 -117.333251953 1 5084 -86.1499023438 -309.416259766 2 6121 -15.5148925781 591.250854492 3 6340 113.977539062 44.6326904297 4 5107 -657.694091797 125.11730957 5 5175 1104.11010742 133.809204102 6 5513 226.700195312 -220.417724609 8 5535 17.8422851562 -402.883789062 10 5362 1003.65527344 -79.5725097656 11 6916 -60.123046875 152.547973633 12 5418 -92.4858398438 -72.4676513672 13 4015 -1319.6496582 -164.768920898 14 5540 -3.56616210938 9.41186523438
8.71508184199 2.68909624017 3.02467356909
83 82 86
5 0 701 1755.28027344 -513.096191406 1 494 1782.39697266 -752.885742188 3 664 1980.17529297 -435.658203125 4 744 1103.84643555 -179.201904297 6 564 2149.23291016 -611.500488281
6.26949031633 1.68799667748 9.09312022031
14 12 10
15 0 826 -318.672851562 -67.1846923828 1 509 -294.514648438 -219.784912109 2 839 -235.409423828 652.834228516 3 1106 -97.6997070312 86.9774169922 4 711 -892.374755859 170.786376953 5 857 878.724365234 201.140258789 6 1166 14.0415039062 -198.140014648 7 579 -423.792358398 -61.0191650391 8 628 -243.953613281 -370.357177734 9 492 -254.229980469 -249.760498047 10 513 732.082763672 8.85766601562 11 523 -325.885864258 217.593383789 12 428 -361.710327148 -12.6695556641 13 338 -1645.46386719 -113.987182617 14 366 -264.617919922 98.9146728516
6.54654709031 2.70903941458 2.52460635496
110 110 110
4 0 2034 1592.52026367 -787.973876953 1 2692 1615.02856445 -919.019775391 2 2756 1686.28759766 -9.72241210938 3 1739 1784.92578125 -742.624755859
8.41162676391 1.72054777908 9.16015628782
255 253 38
31 0 691 106.320800781 -7.02990722656 1 529 129.979980469 -229.121948242 2 762 199.081298828 700.395874023 3 807 323.024902344 155.513305664 4 642 -444.578369141 243.166137695 5 607 1348.83325195 235.053344727 6 790 424.087646484 -92.3090820312 8 671 261.764160156 -292.390625 9 545 265.612548828 -221.612426758 10 556 1298.91699219 -9.443359375 11 671 197.652832031 241.765869141 12 576 161.7734375 24.9140625 13 540 -1031.50244141 -53.7153320312 14 518 257.748535156 82.3200683594 15 483 35.72265625 -907.085449219 16 604 -148.190429688 -367.936523438 17 603 -89.8107910156 -681.219970703 18 539 12.5576171875 -243.824829102 19 443 -161.292480469 40.9794921875 20 437 -188.36328125 287.610961914 21 623 -436.233886719 12.1617431641 22 696 -553.205078125 295.68347168 23 488 -283.046142578 351.052612305 24 571 -219.999267578 -16.6136474609 25 462 -63 174.956542969 26 613 -538.29699707 -164.763793945 27 756 -8.70727539062 -80.7828369141 34 703 -1462.47888184 87.1451416016 35 934 -679.946289062 188.845092773 37 962 -656.563110352 -178.032348633 39 833 -771.845214844 305.618286133
6.1497647491 1.90778333618 9.46100977252
3 3 5
7 0 722 -400.896362305 -124.860473633 1 534 -383.672363281 -275.763916016 2 845 -319.21081543 591.619140625 3 843 -177.122070312 34.6474609375 4 574 -974.628051758 109.182861328 5 688 786.841552734 147.327026367 6 731 -59.1416015625 -252.768554688
9.07560957717 1.56181731738 9.15272348902
123 128 133
24 0 834 224.633056641 50.6185302734 1 542 252.472167969 -188.26550293 3 1175 443.448486328 214.641113281 5 810 1491.70239258 290.719970703 6 1353 538.1015625 -24.4329833984 4 1706 -325.65612793 300.886474609 7 879 233.403564453 55.8920898438 8 1206 405.818847656 -232.326293945 9 868 418.42578125 -174.118408203 10 935 1478.59155273 28.98046875 11 828 349.195556641 292.069458008 14 738 412.882080078 118.803344727 15 833 215.719970703 -868.379882812 16 950 23.5966796875 -328.019042969 2 2241 321.815429688 752.87298584 17 1309 77.6809082031 -628.815185547 18 844 186.558349609 -204.283935547 19 766 11.0573730469 86.8443603516 20 669 -13.8422851562 326.552001953 21 1023 -274.516967773 51.4045410156 22 1053 -393.670410156 339.518554688 24 876 -57.6428222656 18.9621582031 25 505 104.350585938 212.579833984 27 832 166.304199219 -37.1501464844
7.66081955634 0.820645947839 9.55604994694
191 194 198
7 0 679 -109.052978516 203.597900391 1 547 -65.6174316406 2.10693359375 2 723 -21.0632324219 929.034240723 3 752 111.393310547 364.902709961 4 591 -678.46472168 456.825073242 5 554 1125.13134766 474.439697266 6 698 199.228759766 96.7663574219
5.41153498194 2.74634673156 1.25402876093
117 114 117
5 0 1756 2096.84326172 -1206.24267578 1 2681 2137.00488281 -1237.08129883 2 2517 2162.04248047 -357.526611328 4 1802 1367.70800781 -773.249267578 3 1230 2262.62939453 -1220.85620117
5.56552931448 2.71955529819 3.0151949875
110 107 110
2 0 515 1137.1887207 -863.684814453 1 557 1140.9362793 -934.6015625
1.85564249516 2.74898326375 3.68243315085
89 90 94
3 0 4875 -618.014160156 -1488.25708008 1 5063 -709.28137207 -1218.34277344 4 6305 -1195.28442383 -1264.19335938
1.85459538348 2.74836959918 3.68179952604
89 90 94
2 0 4874 -618.014160156 -1488.25708008 1 5062 -709.28137207 -1218.34277344
2.7889361582 2.75505519584 2.38814565532
86 88 88
3 0 3722 477.268554688 -1608.15893555 3 4334 651.238525391 -1562.92041016 4 4607 -91.1796875 -1265.92407227
4.56920002529 2.7634672741 1.66431534576
134 136 133
3 0 1931 1605.34204102 -1318.67041016 1 2677 1620.02758789 -1277.13037109 2 3298 1658.4440918 -448.953369141
0.979265433295 2.76279315055 4.0200405474
92 90 96
6 0 2389 -1305.45166016 -1659.70043945 1 2673 -1438.6640625 -1286.2722168 2 4736 -1151.88513184 -698.671630859 4 2526 -1956.95056152 -1513.36083984 3 4328 -970.961914062 -1529.49047852 5 3703 -37.068359375 -1131.26660156
2.62051352113 2.76654130469 2.53210773209
118 117 121
5 0 513 313.308105469 -1622.95605469 1 577 256.387695312 -1383.57983398 4 602 -248.809570312 -1294.9765625 3 662 496.1796875 -1568.74414062 5 529 1558.22045898 -1435.41699219
0.346597815572 2.73199923746 5.21208838064
104 103 108
4 0 1589 -2005.30236816 -1469.70458984 1 2648 -2142.84692383 -1100.4543457 2 2781 -1812.35302734 -544.120361328 3 2771 -1591.14147949 -1312.49072266
8.76433037654 1.56292771967 9.11359956482
162 167 172
28 0 823 179.215820312 41.1407470703 1 582 205.873779297 -192.048706055 2 888 275.633056641 749.47076416 3 918 396.730957031 206.064331055 4 787 -372.94140625 294.557983398 5 764 1433.45239258 283.077026367 6 890 493.484130859 -35.755859375 7 767 166.819335938 45.6711425781 8 817 339.150878906 -242.987060547 9 657 350.057128906 -179.181640625 10 574 1401.15673828 31.6037597656 11 736 283.346923828 285.680786133 12 677 245.191650391 69.5382080078 13 591 -943.595336914 -2.48303222656 14 628 345.352050781 117.927856445 15 582 131.533447266 -866.983886719 16 798 -60.7124023438 -329.784423828 17 850 -6.373046875 -636.084960938 18 733 100.842529297 -206.857177734 19 595 -73.4702148438 82.6789550781 20 557 -98.001953125 325.774658203 21 827 -356.200927734 50.2935791016 22 905 -473.957763672 335.956054688 23 632 -198.112304688 386.547607422 24 741 -137.858886719 19.5013427734 25 632 22.4489746094 209.896240234 26 919 -450.65234375 -126.521240234 27 731 90.7104492188 -39.0124511719
2.40788475347 2.77324386952 2.84703914083
99 96 101
4 0 3719 42.1589355469 -1593.43017578 3 6076 243.280517578 -1524.37255859 4 4315 -514.758178711 -1294.32470703 5 3641 1250.31469727 -1341.45336914
2.86292588612 2.75770932788 2.33202452599
99 100 102
2 0 3835 544.919921875 -1605.02197266 3 5119 714.214355469 -1562.76538086
2.21659201192 2.77300522597 3.6028388492
149 146 152
2 0 3713 -381.19921875 -1426.3684082 3 4401 -147.115478516 -1336.70849609
7.79278122062 2.60251996704 6.83883613465
124 118 113
5 0 363 448.567382812 -334.377441406 1 612 449.517089844 -537.873535156 3 338 656.8828125 -194.26940918 5 333 1737.68212891 -144.964233398 6 287 784.725097656 -431.080322266
7.94917864434 2.57395107312 8.01751131523
207 203 192
7 0 314 235.640625 -272.337158203 1 615 236.231933594 -481.798828125 2 421 327.151367188 433.318725586 3 271 445.519042969 -118.104248047 4 280 -307.924194336 -17.736328125 5 308 1477.55053711 -56.7747802734 6 223 567.445068359 -361.438720703
9.24427054604 0.439594279672 19.0959304171
8 11 18
5 4 1844 -1478.1451416 553.672485352 8 2954 -185.748779297 122.225463867 6 2977 -527.15246582 237.346679688 9 3563 -158.708251953 153.719238281 31 2185 -926.846191406 277.57434082
1.85499301879 2.74189973528 4.08984922463
104 104 107
6 0 4740 -750.349853516 -1374.24169922 1 4574 -837.186157227 -1132.3527832 2 8346 -639.489624023 -480.017333984 4 4730 -1339.98291016 -1167.85473633 3 6958 -485.434570312 -1270.54150391 6 5507 -257.769897461 -1671.94116211
1.06554301924 2.74421936247 4.5232059111
106 106 111
5 0 4731 -1365.14685059 -1470.19335938 1 4576 -1480.71313477 -1150.375 2 7115 -1215.66833496 -549.412841797 4 4502 -2026.97851562 -1327.25366211 3 5833 -1031.45361328 -1339.06396484
6.1083424965 1.11987547296 10.6466561057
150 152 169
7 0 535 -591.400390625 103.659667969 1 639 -547.609008789 -51.8773193359 2 656 -516.877685547 823.453125 3 493 -364.669189453 268.774169922 4 436 -1194.29626465 340.48840332 5 549 606.672851562 386.339233398 6 428 -261.622680664 -30.5037841797
6.1083424965 1.11987547296 10.6466561057
150 152 169
7 0 536 -591.400390625 103.659667969 1 640 -547.609008789 -51.8773193359 2 657 -516.877685547 823.453125 3 492 -364.669189453 268.774169922 4 437 -1194.29626465 340.48840332 5 550 606.672851562 386.339233398 6 427 -261.622680664 -30.5037841797
0.29607078179 2.72363460961 5.53872863476
121 120 123
2 0 2246 -2080.47485352 -1393.01928711 1 5044 -2208.58447266 -1042.92700195
8.68174535788 1.69406990589 9.14064236402
249 253 253
35 0 862 161.613769531 8.34777832031 1 652 185.535400391 -221.908203125 2 916 256.443603516 714.583557129 3 1040 377.360107422 172.143676758 4 891 -390.123901367 260.237182617 5 844 1409.5949707 247.541259766 6 1183 474.500488281 -73.0201416016 7 1031 146.710449219 12.6507568359 8 950 322.219238281 -275.872192383 9 790 329.856201172 -211.112670898 10 773 1370.54663086 -2.87255859375 11 854 261.4375 253.085083008 12 764 225.905273438 37.2530517578 13 743 -965.973632812 -38.8713378906 14 670 323.421386719 87.7391357422 15 688 109.592529297 -901.011230469 16 895 -78.0197753906 -359.882568359 17 865 -20.1650390625 -667.570800781 18 745 83.7175292969 -236.615600586 19 679 -91.0329589844 50.7756347656 20 801 -120.725585938 293.394775391 21 948 -370.741821289 18.8989257812 22 1035 -486.995117188 303.770385742 23 733 -215.531005859 354.75402832 24 849 -153.743652344 -11.8382568359 25 1171 -2.08984375 175.513916016 26 2135 -477.567260742 -162.712158203 27 1383 59.724609375 -75.2117919922 34 1950 -1427.49047852 84.4833984375 35 2702 -648.717285156 186.395507812 36 1921 -732.913330078 -433.536621094 37 2143 -624.924438477 -181.435546875 38 2623 -530.242675781 170.358398438 39 2748 -739.969604492 303.624511719 40 2362 606.390380859 112.198608398
8.32472284371 1.80616680265 9.1417431009
57 53 53
28 0 987 93.4287109375 -32.0850830078 1 656 113.1484375 -252.321899414 2 1197 187.364501953 674.940307617 3 1280 310.472412109 131.49609375 4 1034 -456.267211914 218.227050781 6 1327 414.93359375 -116.85546875 7 971 69.2578125 -24.6967773438 9 873 247.461669922 -245.318847656 11 986 178.450683594 218.775512695 14 742 236.108642578 59.1328125 15 697 12.6213378906 -931.403320312 16 896 -169.549316406 -390.428710938 17 926 -109.671875 -706.075439453 18 780 -9.2734375 -266.590332031 20 625 -212.158447266 264.735595703 21 1098 -453.475952148 -9.884765625 22 1127 -571.850463867 273.069824219 23 719 -304.024536133 328.605224609 24 919 -239.115966797 -38.4136962891 25 694 -84.0810546875 152.305297852 26 894 -560.352294922 -189.080810547 34 826 -1479.85668945 68.8259277344 35 1090 -695.671875 172.553100586 36 1362 -778.72644043 -446.969726562 37 1076 -672.430419922 -193.103027344 38 1514 -574.371948242 158.859619141 39 936 -787.194824219 286.641113281 40 1085 557.7265625 100.208862305
5.79014275621 1.78545932036 9.67303303986
9 10 15
7 0 804 -517.604614258 -98.9580078125 1 660 -496.682373047 -238.169311523 2 942 -438.518554688 618.319824219 3 958 -291.178710938 60.0604248047 4 709 -1105.24487305 130.269775391 5 831 668.870117188 180.229125977 6 921 -173.664550781 -235.959228516
5.7638984813 2.69262402655 3.53038401386
121 120 121
5 0 475 968.489746094 -760.735107422 1 667 968.904785156 -853.309082031 2 673 1055.12329102 14.0895996094 3 412 1161.66845703 -690.641601562 6 327 1342.25830078 -945.506347656
5.24090975691 2.75712233787 1.28564436064
92 92 94
5 0 1675 2035.94873047 -1244.3137207 1 2598 2077.37646484 -1260.63305664 2 4412 2103.19189453 -390.927490234 3 1525 2193.9296875 -1257.02075195 4 2290 1312.72265625 -809.199951172
7.72914877573 1.26640500113 9.21293333591
85 100 131
28 0 837 -35.1369628906 88.1646728516 1 674 -2.25659179688 -112.996459961 2 960 55.2521972656 805.510253906 3 967 183.657958984 247.819335938 4 907 -595.698120117 337.033691406 5 791 1197.63427734 347.616821289 6 943 280.208007812 -14.7980957031 7 657 -82.3576660156 93.0004882812 8 686 90.2177734375 -205.704711914 9 592 98.5397949219 -115.848266602 10 568 1121.16821289 118.75390625 11 687 28.9384765625 350.155273438 12 600 -10.7778320312 128.859375 13 583 -1227.83776855 50.9090576172 14 591 96.0239257812 201.719238281 15 533 -144.200927734 -776.709472656 16 591 -325.573608398 -249.101806641 17 631 -273.510253906 -577.059570312 18 504 -164.76953125 -123.407836914 19 427 -344.742797852 156.500732422 20 417 -368.06262207 414.703125 21 659 -604.464233398 128.570068359 22 735 -728.791870117 409.660766602 23 553 -445.111450195 476.9375 24 611 -381.329589844 104.396972656 25 566 -219.008544922 297.921875 26 785 -698.159545898 -46.5363769531 27 527 -186.508544922 46.4328613281
6.12531215896 1.25372632506 9.80298987388
85 100 124
15 0 916 -468.02746582 58.8094482422 1 717 -432.454711914 -92.0684814453 2 1037 -391.18359375 781.179443359 3 1043 -241.334228516 216.698120117 4 892 -1058.13720703 296.690795898 5 912 729.35546875 337.099975586 6 1117 -134.6953125 -78.779296875 7 1201 -508.877197266 72.0709228516 8 1331 -330.202758789 -239.02734375 9 1164 -331.247192383 -117.917724609 10 1167 660.028320312 146.582885742 11 1279 -405.683105469 347.269287109 12 1208 -444.116577148 108.676391602 13 825 -1749.62353516 29.0251464844 14 1208 -336.349853516 221.169311523
