# Camera parameter file. 

# The format of each camera is as follows:
# Filename (of the undistorted image in visualize folder)
# Original filename
# Focal Length (of the undistorted image)
# 2-vec Principal Point (image center)
# 3-vec Translation T (as in P = K[R T])
# 3-vec Camera Position C (as in P = K[R -RC])
# 3-vec Axis Angle format of R
# 4-vec Quaternion format of R
# 3x3 Matrix format of R
# [Normalized radial distortion] = [radial distortion] * [focal length]^2
# 3-vec Lat/Lng/Alt from EXIF

# The nubmer of cameras in this reconstruction
42

00000000.jpg
/home/lisa/vsfm/vsfm/bin/Accident/20160927_130547.jpg
3209.71118164
2304 1728
-0.0236172492509 -0.0697367687513 0.393195069511
-0.243238190975 0.0197811951416 -0.316965677694
0.107934823283 -0.707834769795 -0.0860205887358
0.935691395226 0.0528055181322 -0.346297706654 -0.0420843025454
0.756613619691 0.0421829798759 -0.652500135408
-0.115328699187 0.990880977468 -0.0696719429583
0.643611001803 0.127966732789 0.754578951242
-0.00700835748032
0 0 0

00000001.jpg
/home/lisa/vsfm/vsfm/bin/Accident/20160927_130541.jpg
3209.39770508
2304 1728
0.0707503719606 -1.07814580206 0.56389948375
-0.367858020612 1.09180423689 -0.397530625724
-0.00562909660779 -0.699443112547 0.0473697457893
0.939189482929 -0.00275726222386 -0.342603477314 0.0232028013941
0.76416897468 -0.0416943588362 -0.643667117832
0.0454729493392 0.998908055025 -0.0107195375174
0.643411213001 -0.0210779042468 0.765230509675
-0.0076723464489
0 0 0

00000002.jpg
/home/lisa/vsfm/vsfm/bin/Accident/20160927_130544.jpg
3209.30761719
2304 1728
-0.0107538522372 -0.540694981201 0.239336547964
-0.255510656469 0.44118534904 -0.299697319722
0.284728144787 -0.672010545121 -0.148133915007
0.931470840858 0.13909693744 -0.328294235976 -0.0723671835248
0.773971770747 0.0434863969698 -0.631725123266
-0.226145288184 0.950830065487 -0.211614024106
0.591460908868 0.306644941006 0.74574987324
-0.00622336133654
0 0 0

00000003.jpg
/home/lisa/vsfm/vsfm/bin/Accident/20160927_130549.jpg
3212.10620117
2304 1728
0.0397033562204 0.378559585904 0.589595751873
-0.313253952421 -0.496862878037 -0.384065240452
0.194068414957 -0.638552879846 -0.109255687228
0.943373995247 0.0951956452064 -0.313226927776 -0.0535927788171
0.798033411549 0.0414803887668 -0.601183874866
-0.160751746709 0.976131206385 -0.146036789377
0.580776678234 0.213183595217 0.785653361699
-0.00545365035227
0 0 0

00000004.jpg
/home/lisa/vsfm/vsfm/bin/Accident/20160927_130557.jpg
3217.69091797
2304 1728
-0.219699406959 -0.166090727784 0.336485253073
-0.140865797369 0.103368572516 -0.398180926411
0.173935384468 -0.865239609431 -0.136887302732
0.901941933673 0.0841060341198 -0.418384518684 -0.0661915238774
0.641146153385 0.0490244968702 -0.765851296732
-0.189779147285 0.977089714383 -0.0963305003783
0.743582870469 0.207104535812 0.635761139101
-0.00906122542546
0 0 0

00000005.jpg
/home/lisa/vsfm/vsfm/bin/Accident/20160927_130554.jpg
3203.09667969
2304 1728
0.364394098162 -0.177554105153 0.365876713695
-0.482597192751 0.0917147185743 -0.238458903381
0.188985085132 -0.356748078053 -0.06501771039
0.979171228576 0.0938355725084 -0.177133873406 -0.0322828337134
0.935162819079 0.0299779270548 -0.352947341258
-0.0964637607416 0.980305407959 -0.172325418874
0.340830228524 0.195198952395 0.919636952448
-0.0041054537573
0 0 0

00000006.jpg
/home/lisa/vsfm/vsfm/bin/Accident/20160927_130551.jpg
3211.00708008
2304 1728
0.141603649018 0.734295962845 0.720067028794
-0.388535440875 -0.846255032556 -0.458945869879
0.111494390378 -0.617990765968 -0.159535756593
0.947982919305 0.0547771988953 -0.303618890494 -0.0783799242291
0.803344313626 0.115342874065 -0.584237909731
-0.181868443477 0.981712091918 -0.0562604465774
0.567064178936 0.151450949103 0.809630055633
-0.00548129960522
0 0 0

00000007.jpg
/home/lisa/vsfm/vsfm/bin/Accident/20160927_130614.jpg
3204.06274414
2304 1728
-4.33371884797 0.64500056742 1.45855215791
3.62005728433 -0.661728955471 -2.78959122995
0.169570892384 -0.357955846194 -0.0864198552262
0.979525865662 0.0842060163073 -0.177754774998 -0.0429146278359
0.933123149366 0.0541359329967 -0.355458139414
-0.114008018925 0.982135363071 -0.149707382005
0.341003460008 0.180220502065 0.922625173566
-0.00545195448842
0 0 0

00000008.jpg
/home/lisa/vsfm/vsfm/bin/Accident/20160927_130617.jpg
3203.05810547
2304 1728
-4.22922839256 1.14479523207 1.72508781265
3.62540472194 -0.918409418024 -2.86108748978
0.0884543584503 -0.309699627862 -0.10873457119
0.985589588611 0.0440145304791 -0.154105280381 -0.0541058821931
0.946648232142 0.0930866452235 -0.308532009788
-0.120218131465 0.990270549238 -0.0700845216843
0.299006229785 0.103436530267 0.948628567331
-0.00471886841837
0 0 0

00000009.jpg
/home/lisa/vsfm/vsfm/bin/Accident/20160927_130611.jpg
3201.60644531
2304 1728
-4.27745247201 0.0763121274318 1.48704265739
3.64897333606 -0.122948067637 -2.68022320365
0.070883593546 -0.30043499487 -0.0255936046429
0.988031363382 0.0353002869664 -0.149617718334 -0.0127457080433
0.954904170574 0.0146232218057 -0.296553850767
-0.0357494153755 0.997182873333 -0.0659416138064
0.29475414216 0.0735695488304 0.952736856201
-0.00300057077753
0 0 0

00000010.jpg
/home/lisa/vsfm/vsfm/bin/Accident/20160927_130620.jpg
3195.33642578
2304 1728
-3.42048476274 -0.489772320331 2.56677173552
3.3978869385 0.0237548112804 -2.6422925921
0.149161639502 -0.0108757871782 0.0224782770454
0.997142268345 0.0745097622168 -0.00543271258802 0.0112284303343
0.999688815972 -0.0232022652333 -0.00916111935802
0.0215831047408 0.988644435373 -0.148715668291
0.0125076300551 0.148471664952 0.988837561937
-0.00152302765497
0 0 0

00000011.jpg
/home/lisa/vsfm/vsfm/bin/Accident/20160927_130609.jpg
3201.38305664
2304 1728
-4.31817723554 -0.403034660507 1.3202665389
3.65742585845 0.212700456636 -2.6702415461
0.188224731664 -0.320034319048 -0.0470055171267
0.98254352166 0.0935641023718 -0.159084959374 -0.0233658402783
0.948292026418 0.0161466271378 -0.316988200197
-0.0756851928366 0.981399592511 -0.176427297788
0.308243384709 0.191295912794 0.931875468897
-0.00401658525723
0 0 0

00000012.jpg
/home/lisa/vsfm/vsfm/bin/Accident/20160927_130606.jpg
3202.56396484
2304 1728
-4.3552179663 -0.547098060095 1.26832254594
3.65219079127 0.65357934911 -2.66649927066
0.0793164544242 -0.333771161445 -0.0653007626143
0.984793884973 0.0394570068379 -0.166038826307 -0.0324847177764
0.942751702539 0.0508787126327 -0.329591541094
-0.0770842930525 0.994775775445 -0.0669265892816
0.324464542168 0.0885014869317 0.94174850554
-0.00636880474771
0 0 0

00000013.jpg
/home/lisa/vsfm/vsfm/bin/Accident/20160927_130623.jpg
3213.05493164
2304 1728
-4.76264541926 0.108816330822 -0.207885233202
3.84069511828 0 -2.82611211067
0.118222655471 -0.67848407245 -0.0602589716991
0.940848970531 0.0579411671491 -0.332526442526 -0.0295330462468
0.777107928401 0.0170383319401 -0.629136680588
-0.0941062126917 0.991541240658 -0.0893867373164
0.622291963912 0.128668812538 0.772137972341
-0.011812926058
0 0 0

00000014.jpg
/home/lisa/vsfm/vsfm/bin/Accident/20160927_130603.jpg
3201.45385742
2304 1728
-4.23789989202 -1.38034884704 1.40967446927
3.64479531115 1.11081907047 -2.70811533657
0.0813196212596 -0.301049698412 0.0253464126819
0.987789151747 0.0404941785869 -0.149911670298 0.0126215806933
0.954734373618 -0.0370760208721 -0.295140042196
0.0127938210749 0.996401834403 -0.0837836651212
0.297184444367 0.0762151761471 0.951773425218
-0.00427267585914
0 0 0

00000015.jpg
/home/lisa/vsfm/vsfm/bin/Accident/20160927_130640.jpg
3191.66625977
2304 1728
-8.79367660148 0.622073290471 3.42974509265
8.98256251694 -0.326225364185 -2.94720586177
-0.109629062197 0.0600677957018 0.0060854181206
0.998042675894 -0.0547787631617 0.0300142999353 0.00304072361187
0.998179791599 -0.00935783631573 0.0595779702879
0.00278125140525 0.993980082213 0.109525617117
-0.0602442386022 -0.109160556355 0.992196857812
-0.00421803601911
0 0 0

00000016.jpg
/home/lisa/vsfm/vsfm/bin/Accident/20160927_130642.jpg
3193.1875
2304 1728
-8.99926107677 0.475848915996 3.05118698847
9.00512175948 -0.679565900949 -2.99480323904
0.0804630404822 0.0010963035449 -0.00440255746955
0.999188249187 0.0402206336621 0.000548003443538 -0.0022006830726
0.999989713372 0.00444187542415 0.000918091467256
-0.00435371124116 0.996754915244 -0.0803783810239
-0.00127214293793 0.0803735570963 0.99676400064
-0.00647029511665
0 0 0

00000017.jpg
/home/lisa/vsfm/vsfm/bin/Accident/20160927_130644.jpg
3194.13989258
2304 1728
-8.94000977977 1.71013785434 3.30016874262
9.07946978163 -0.917889850608 -3.23421810946
0.00314645873798 0.00685616657134 -0.0890149061483
0.999002595754 0.00157270628565 0.00342694348159 -0.0444926547824
0.996017319458 0.0889073343904 0.00670710311154
-0.0888857760881 0.996035860531 -0.00344722295002
-0.00698699862291 0.00283732769688 0.999971565307
-0.00506106769544
0 0 0

00000018.jpg
/home/lisa/vsfm/vsfm/bin/Accident/20160927_130637.jpg
3193.68725586
2304 1728
-8.85013076058 -0.195958483661 3.42865406289
9.02074294131 0.0221162605327 -2.95712538581
0.0629312362974 0.0535085216526 -0.00304285862193
0.9991460264 0.0314566607029 0.0267466445818 -0.00152099619948
0.998564607148 0.00472211486486 0.0533519163842
-0.00135667437066 0.998016330136 -0.0629409581798
-0.0535432982297 0.0627782320008 0.996590191002
-0.00342442590461
0 0 0

00000019.jpg
/home/lisa/vsfm/vsfm/bin/Accident/20160927_130635.jpg
3193.47314453
2304 1728
-9.07936033845 -0.644832404254 2.88600607792
9.06388433395 0.629923119651 -2.93748561033
0.104372490673 0.00166412147974 -0.0318588751553
0.99851144769 0.0521603487804 0.000831647843573 -0.0159215328593
0.999491626307 0.0318824237327 -1.25629610689e-07
-0.0317089075664 0.994051605613 -0.104191892962
-0.00332176519863 0.104138928529 0.994557212754
-0.00487972666077
0 0 0

00000020.jpg
/home/lisa/vsfm/vsfm/bin/Accident/20160927_130632.jpg
3197.4206543
2304 1728
-9.0619428809 -1.5990178125 2.74403924388
9.07455078204 0.981747569762 -2.98230077739
0.149289628053 -0.0049810074379 0.0208042669275
0.997158219349 0.074574092559 -0.00248814411661 0.0103922780685
0.999771619391 -0.0210965931668 -0.00341215730044
0.0203543888082 0.988661410551 -0.148776053662
0.00651213612676 0.14867262372 0.988865027716
-0.00762087602141
0 0 0

00000021.jpg
/home/lisa/vsfm/vsfm/bin/Accident/20160927_130712.jpg
3190.17358398
2304 1728
-12.0489236338 0.0840420186787 5.22972974789
12.9406690645 -0.561658303928 -2.18112841068
0.200973091003 0.2368224514 -0.0216842311514
0.98790629736 0.100081133159 0.117933496347 -0.0107983731279
0.971950171154 0.0449413975322 0.230853060584
0.00227027427503 0.979734323847 -0.200288543185
-0.235175914259 0.195194583594 0.95215091445
-0.00462857733588
0 0 0

00000022.jpg
/home/lisa/vsfm/vsfm/bin/Accident/20160927_130719.jpg
3194.29272461
2304 1728
-12.211919968 0.0978158518482 4.91240928541
12.9456469561 -0.834580685845 -2.23294025917
0.317094186195 0.198752351602 -0.0321805618906
0.982415925206 0.157616697804 0.0987930107334 -0.0159958590207
0.979968147049 0.0625720295144 0.189069225132
-0.000286317042744 0.949802218135 -0.312850866146
-0.199154083042 0.306529749858 0.930793835207
-0.00303448438884
0 0 0

00000023.jpg
/home/lisa/vsfm/vsfm/bin/Accident/20160927_130707.jpg
3191.95629883
2304 1728
-11.7198388569 -1.79721533721 5.4497589508
12.8669578047 0.434725021172 -2.12999751848
0.210541958565 0.286263940031 0.0447367014663
0.98400826379 0.104709223493 0.142368177246 0.0222489868723
0.958472569382 -0.0139718513075 0.284842274099
0.0736008964656 0.977081922197 -0.199734387011
-0.275523577544 0.212404577837 0.937534561246
-0.000721480960992
0 0 0

00000024.jpg
/home/lisa/vsfm/vsfm/bin/Accident/20160927_130710.jpg
3185.83398438
2304 1728
-11.64523028 -0.55369871159 5.86324794635
12.8763362185 -0.0972114244442 -2.11805631288
0.146981459983 0.3052689742 0.0047401903624
0.985682400957 0.0731396571293 0.151905336277 0.00235877298997
0.953838410001 0.0175706063747 0.299805872855
0.0268706104709 0.98929005349 -0.14346832528
-0.299115793464 0.144901566097 0.943150718731
0.00233875084287
0 0 0

00000025.jpg
/home/lisa/vsfm/vsfm/bin/Accident/20160927_130705.jpg
3188.30102539
2304 1728
-11.2712438282 -1.95557646647 6.27955039945
12.8399441344 0.951629177247 -2.12795829465
0.112305703467 0.353893029958 0.0431439197681
0.982586493682 0.0558265324269 0.175918231245 0.02144659943
0.937185638577 -0.0225044681885 0.348104334584
0.0617880875528 0.9928468833 -0.102163097828
-0.34331517747 0.117254489179 0.931872348386
0.00360163415082
0 0 0

00000026.jpg
/home/lisa/vsfm/vsfm/bin/Accident/20160927_130725.jpg
3187.04711914
2304 1728
-12.0565705912 -2.30377589591 4.91293703363
12.8028659789 2.62819929377 -1.99610102296
-0.134812938951 0.206725230324 0.0115000544343
0.992379435973 -0.0672351572231 0.103099921053 0.00573541363299
0.978675022619 -0.0252472918957 0.203857240132
-0.00248046571102 0.990893077327 0.134628216191
-0.205399725882 -0.13226293342 0.969699679824
-0.00454520192311
0 0 0

00000027.jpg
/home/lisa/vsfm/vsfm/bin/Accident/20160927_130648.jpg
3192.23364258
2304 1728
-8.74969538747 -2.52605731551 3.42526246724
8.90871903532 2.72970326142 -2.80249944843
-0.109685737323 0.037807541096 0.0156452347092
0.998287346024 -0.0548115561329 0.0188929774427 0.00781815103226
0.999163863836 -0.0176806294769 0.0368641905712
0.0135384155024 0.993869139657 0.109730782109
-0.0385782906679 -0.109139949505 0.993277497435
-0.00490863617615
0 0 0

00000028.jpg
/home/lisa/vsfm/vsfm/bin/Accident/20160927_130521.jpg
3189.25
2304 1728
8.01878455078 -0.677411943747 0.712152588472
-3.98150065301 -0.0101233654387 7.02954507704
0.121748928251 -1.14749036875 -0.165399785472
0.834890593789 0.0574857430596 -0.541806301287 -0.0780962075506
0.400693828504 0.0681113025414 -0.913676806242
-0.192695853837 0.981192743422 -0.0113625775998
0.895719132157 0.18061464703 0.406282642461
-0.00572608119553
0 0 0

00000029.jpg
/home/lisa/vsfm/vsfm/bin/Accident/20160927_130518.jpg
3190.71044922
2304 1728
8.05209262495 -1.09115404833 0.0876897682007
-3.98793115859 0.396119398238 7.06922886814
0.247644676623 -1.08733317889 -0.24622358827
0.841351056592 0.117202236598 -0.514599716943 -0.116529681324
0.443215929385 0.0754602654558 -0.893233109707
-0.31670921657 0.945368938214 -0.0772841691438
0.838602952582 0.317148733243 0.442901534117
-0.00431572777628
0 0 0

00000030.jpg
/home/lisa/vsfm/vsfm/bin/Accident/20160927_130516.jpg
3189.67724609
2304 1728
8.07219856461 -1.23751173759 0.590645293015
-4.0072821308 0.95314555488 7.07629071652
0.0608680906532 -1.13910457456 -0.0745208412917
0.841046983473 0.0288037497413 -0.539042423421 -0.0352644487455
0.416379368815 0.0282652303541 -0.908751505076
-0.0903710026107 0.995853525311 -0.0104325458405
0.904688511651 0.0864686814899 0.417207219507
-0.00544571877631
0 0 0

00000031.jpg
/home/lisa/vsfm/vsfm/bin/Accident/20160927_130526.jpg
3191.90405273
2304 1728
8.12663427286 -0.397796088472 0.640250400141
-4.08973290942 -0.85640277381 7.01077784032
0.102708719574 -1.11013802512 -0.236172023077
0.842003608875 0.0486201441949 -0.525515955039 -0.111798860549
0.422667991559 0.137168765079 -0.895844014769
-0.239371411122 0.970274192717 0.0356274961951
0.874101307886 0.199380843699 0.442938125156
-0.00650989134752
0 0 0

00000032.jpg
/home/lisa/vsfm/vsfm/bin/Accident/20160927_130532.jpg
3184.91845703
2304 1728
8.00868331262 -0.268714832434 -1.8915391756
-4.11369105997 8.32667268469e-17 7.13208822008
0.131079576028 -0.816267496786 -0.139278749332
0.913419894376 0.0636371585646 -0.39628556712 -0.0676177336281
0.676771182783 0.0730897912736 -0.732556242596
-0.17396374116 0.982756308298 -0.0626630294725
0.715344240849 0.169846757145 0.677816122685
8.81765874835e-05
0 0 0

00000033.jpg
/home/lisa/vsfm/vsfm/bin/Accident/20160927_130529.jpg
3203.11425781
2304 1728
7.3302006172 -1.28826819502 2.80808048238
-3.98498428494 0.0286750787923 6.88446584819
0.134193775509 -1.41989194231 -0.23083648502
0.750227959364 0.0614115625937 -0.649790070821 -0.105638500705
0.133226742063 0.0786966664144 -0.98795620849
-0.238315160842 0.970138254297 0.045140355137
0.962006506897 0.229431040281 0.148002967685
-0.00973821819839
0 0 0

00000034.jpg
/home/lisa/vsfm/vsfm/bin/Accident/20160927_130756.jpg
3205.54931641
2304 1728
-18.2548602914 -1.70026862435 10.2817603886
20.9992736429 -8.32667268469e-17 0.935917097433
0.141725918818 0.561494670871 0.0504326558217
0.958058264572 0.0698694560939 0.276811239472 0.024862793348
0.845514758418 -0.00895870780961 0.533876891101
0.0863213107799 0.989000201224 -0.120113418417
-0.526928291708 0.147642620991 0.836987593614
-0.00776075789147
0 0 0

00000035.jpg
/home/lisa/vsfm/vsfm/bin/Accident/20160927_130743.jpg
3195.57788086
2304 1728
-15.551044299 -2.38846443315 13.7537140557
20.8796194909 -0.032358546335 0.863037835771
0.171791249028 0.771089599633 0.0650807266445
0.92248187991 0.0836644484896 0.375530106768 0.0316951133007
0.715945117407 0.00436070314479 0.698142946057
0.121313373951 0.983991359704 -0.130552936885
-0.68753592936 0.178162814012 0.703954797939
-0.00393738559953
0 0 0

00000036.jpg
/home/lisa/vsfm/vsfm/bin/Accident/20160927_130750.jpg
3197.62353516
2304 1728
-16.0141726457 1.05349036805 13.6269803691
21.0204869951 -0.977671963028 0.664413637846
0.0776322725625 0.732269754336 -0.0310796192948
0.932863501485 0.0379435250794 0.357903934426 -0.0151904649348
0.743348046995 0.0555015344403 0.666598275353
-0.00118098679271 0.996659077359 -0.0816657136603
-0.668903794502 0.0599188049966 0.740930125254
-0.0046594360284
0 0 0

00000037.jpg
/home/lisa/vsfm/vsfm/bin/Accident/20160927_130746.jpg
3198.05834961
2304 1728
-15.4403699019 -1.00378358896 14.1205754615
20.9283616368 -0.393745768594 0.807402648348
0.0744302937171 0.779631084676 0.0456246979425
0.924050581625 0.0362681318631 0.379895894151 0.02223184242
0.71036970958 -0.0135304650709 0.703698658679
0.0686429226042 0.996380735588 -0.0501356053755
-0.700473429109 0.0839187479946 0.708727464437
-0.00616542345733
0 0 0

00000038.jpg
/home/lisa/vsfm/vsfm/bin/Accident/20160927_130748.jpg
3200.68774414
2304 1728
-15.1026208483 -2.19947882604 14.4455356711
20.9888480615 -0.731708180323 0.730222300602
0.216110900852 0.800633103751 0.0708187022299
0.914650919415 0.104963449244 0.388861514237 0.0343961143455
0.695207260127 0.0187116164043 0.718565752648
0.144553366846 0.975599163281 -0.165259180495
-0.704124413439 0.218760480928 0.675538794136
-0.00459959921744
0 0 0

00000039.jpg
/home/lisa/vsfm/vsfm/bin/Accident/20160927_130738.jpg
3196.78881836
2304 1728
-15.8946354997 -2.94444352223 13.2740874796
20.8879028482 0.694402833014 0.85082492348
0.156210331927 0.745697275114 0.0635649436486
0.927822061355 0.0762168081734 0.363834232165 0.0310140632624
0.73332555877 -0.00209049645456 0.679874440378
0.113011631974 0.986458252064 -0.118863316352
-0.670419268737 0.163999227925 0.723631299314
-0.0090124929924
0 0 0

00000040.jpg
/home/lisa/vsfm/vsfm/bin/Accident/20160927_130753.jpg
3190.56542969
2304 1728
-9.12467921084 -2.80389590365 18.4716889738
20.7827732422 0.0113322954717 0.633328056231
0.135273403534 1.14481948421 0.0847919250028
0.837584883431 0.0639336985502 0.541071207536 0.0400748501256
0.411271909526 0.00205318961167 0.911510395359
0.136317544296 0.988612977154 -0.0637331037964
-0.90126186181 0.150466493994 0.40630886113
0.00313635599222
0 0 0

00000041.jpg
/home/lisa/vsfm/vsfm/bin/Accident/20160927_130807.jpg
3132.13891602
2304 1728
-15.8120530936 -4.87177591497 18.0495279348
23.1917240191 0.0210875277336 7.85392733655
0.217279576507 1.18722015172 0.160418105851
0.820348217824 0.102052563995 0.557617344701 0.0753456872313
0.366771848609 -0.00980684097219 0.930259231042
0.237431959991 0.967816603195 -0.0834091538981
-0.89950234877 0.251465402092 0.357296342142
0.00339392836623
0 0 0

